accuracy = 0.9995857497928748
precision = 0.9995870089120454
recall = 0.9995857497928748
fscore = 0.9995856432083962
"              precision    recall  f1-score   support

           0       1.00      1.00      1.00       219
           1       1.00      1.00      1.00       166
           2       1.00      1.00      1.00       246
           3       1.00      1.00      1.00       328
           4       1.00      1.00      1.00       164
           5       1.00      1.00      1.00       246
           6       1.00      1.00      1.00       304
           7       1.00      1.00      1.00       246
           8       1.00      1.00      1.00       246
           9       1.00      1.00      1.00       249

    accuracy                           1.00      2414
   macro avg       1.00      1.00      1.00      2414
weighted avg       1.00      1.00      1.00      2414
"
